{
    "0.jpg": [
        {
            "R": [
                -0.9475713968276978,
                0.28907808661460876,
                0.13616986572742462,
                0.2637846767902374,
                0.9481558799743652,
                -0.17725135385990143,
                -0.18034975230693817,
                -0.13203878700733185,
                -0.974699854850769
            ],
            "id": "0.jpg_1_0_3.6.24_10:00:00",
            "obj": "1.ply",
            "t": [
                -95.35531616210938,
                -26.455829620361328,
                358.68438720703125
            ]
        },
        {
            "R": [
                0.0883837342262268,
                0.9420936703681946,
                0.32349318265914917,
                0.18594640493392944,
                -0.33466005325317383,
                0.9238108396530151,
                0.9785766005516052,
                -0.021497458219528198,
                -0.2047574520111084
            ],
            "id": "0.jpg_7_1_3.6.24_10:00:00",
            "obj": "7.ply",
            "t": [
                6.832108020782471,
                -67.8941650390625,
                351.0788269042969
            ]
        },
        {
            "R": [
                -0.9844740033149719,
                -0.16303972899913788,
                -0.06503187119960785,
                -0.14282329380512238,
                0.9594053030014038,
                -0.24319373071193695,
                0.10204215347766876,
                -0.23012982308864594,
                -0.9677953124046326
            ],
            "id": "0.jpg_1_2_3.6.24_10:00:00",
            "obj": "1.ply",
            "t": [
                46.86582833528519,
                -61.87770888209343,
                345.41308879852295
            ]
        },
        {
            "R": [
                0.02634286880493164,
                -0.2811753749847412,
                0.9592953324317932,
                0.34404587745666504,
                0.9035534262657166,
                0.25538933277130127,
                -0.9385837912559509,
                0.3233135938644409,
                0.12053936719894409
            ],
            "id": "0.jpg_7_3_3.6.24_10:00:00",
            "obj": "7.ply",
            "t": [
                -25.028474807739258,
                -18.45458221435547,
                345.5394287109375
            ]
        },
        {
            "R": [
                -0.05955803394317627,
                -0.993312418460846,
                0.09891033172607422,
                -0.9960938096046448,
                0.052667319774627686,
                -0.07087551057338715,
                0.06519217789173126,
                -0.1027451753616333,
                -0.992569088935852
            ],
            "id": "0.jpg_3_4_3.6.24_10:00:00",
            "obj": "3.ply",
            "t": [
                -67.94263458251953,
                -12.236924171447754,
                358.0594787597656
            ]
        },
        {
            "R": [
                -0.1260690689086914,
                0.1904371827840805,
                -0.9735708832740784,
                -0.14816914498806,
                -0.9740071296691895,
                -0.17133590579032898,
                -0.9808936715126038,
                0.12265301495790482,
                0.15100908279418945
            ],
            "id": "0.jpg_7_5_3.6.24_10:00:00",
            "obj": "7.ply",
            "t": [
                72.91239929199219,
                53.43069839477539,
                343.7210998535156
            ]
        },
        {
            "R": [
                0.9633496999740601,
                -0.25344118475914,
                -0.0878913477063179,
                0.23859316110610962,
                0.9592984318733215,
                -0.15106238424777985,
                0.12259946018457413,
                0.12455563247203827,
                0.9846091866493225
            ],
            "id": "0.jpg_3_6_3.6.24_10:00:00",
            "obj": "3.ply",
            "t": [
                -60.93476104736328,
                40.115997314453125,
                359.9460144042969
            ]
        },
        {
            "R": [
                0.05929368734359741,
                0.7607009410858154,
                -0.6463887691497803,
                0.014305680990219116,
                0.6468139290809631,
                0.7625137567520142,
                0.9981381893157959,
                -0.05445936322212219,
                0.027469635009765625
            ],
            "id": "0.jpg_7_7_3.6.24_10:00:00",
            "obj": "7.ply",
            "t": [
                84.11211395263672,
                -33.26996612548828,
                355.46112060546875
            ]
        },
        {
            "R": [
                -0.07845473289489746,
                -0.5889618992805481,
                -0.8043438792228699,
                -0.006012618541717529,
                0.8070955276489258,
                -0.5903903245925903,
                0.9968996644020081,
                -0.04148265719413757,
                -0.06686174869537354
            ],
            "id": "0.jpg_7_8_3.6.24_10:00:00",
            "obj": "7.ply",
            "t": [
                26.898616790771484,
                7.315432548522949,
                344.2067565917969
            ]
        },
        {
            "R": [
                -0.8650363683700562,
                0.457243412733078,
                -0.20649564266204834,
                0.4975458085536957,
                0.7289148569107056,
                -0.47024592757225037,
                -0.06449910998344421,
                -0.5095208883285522,
                -0.8580374717712402
            ],
            "id": "0.jpg_1_9_3.6.24_10:00:00",
            "obj": "1.ply",
            "t": [
                0.537868857383728,
                55.488929748535156,
                339.9632873535156
            ]
        },
        {
            "R": [
                -0.5987417697906494,
                -0.7996892333030701,
                0.04478216916322708,
                0.8009389042854309,
                -0.5976436138153076,
                0.03632010146975517,
                -0.0022810250520706177,
                0.05761414393782616,
                0.9983363151550293
            ],
            "id": "0.jpg_0_10_3.6.24_10:00:00",
            "obj": "0.ply",
            "t": [
                6.682978630065918,
                -1.1965794563293457,
                349.671142578125
            ]
        },
        {
            "R": [
                0.47391265630722046,
                -0.8798310160636902,
                -0.03611209616065025,
                -0.8805537819862366,
                -0.4732416868209839,
                -0.025828000158071518,
                0.005634523928165436,
                0.04403885826468468,
                -0.9990137815475464
            ],
            "id": "0.jpg_2_11_3.6.24_10:00:00",
            "obj": "2.ply",
            "t": [
                -11.11892318725586,
                23.45560646057129,
                359.7069091796875
            ]
        },
        {
            "R": [
                0.257673978805542,
                -0.9662004113197327,
                -0.007797548547387123,
                -0.9661926627159119,
                -0.25758230686187744,
                -0.011091339401900768,
                0.008707946166396141,
                0.010391884483397007,
                -0.9999079704284668
            ],
            "id": "0.jpg_2_12_3.6.24_10:00:00",
            "obj": "2.ply",
            "t": [
                9.307698249816895,
                -54.937252044677734,
                359.943603515625
            ]
        },
        {
            "R": [
                0.2855604887008667,
                -0.9583142399787903,
                -0.00944042019546032,
                -0.958066999912262,
                -0.2852153778076172,
                -0.02756747603416443,
                0.02372574992477894,
                0.016916736960411072,
                -0.9995754957199097
            ],
            "id": "0.jpg_2_13_3.6.24_10:00:00",
            "obj": "2.ply",
            "t": [
                24.66948127746582,
                12.4009370803833,
                359.1856994628906
            ]
        },
        {
            "R": [
                -0.9461324214935303,
                -0.27444887161254883,
                0.1717892587184906,
                -0.29800671339035034,
                0.9455846548080444,
                -0.13062021136283875,
                -0.1265927255153656,
                -0.17477834224700928,
                -0.9764358997344971
            ],
            "id": "0.jpg_1_14_3.6.24_10:00:00",
            "obj": "1.ply",
            "t": [
                -85.29576873779297,
                7.0572357177734375,
                359.07586669921875
            ]
        }
    ],
    "1.jpg": [
        {
            "R": [
                -0.05537860840559006,
                0.22201432287693024,
                -0.9734694957733154,
                0.02330240048468113,
                -0.974412739276886,
                -0.2235550582408905,
                -0.9981935024261475,
                -0.035064343363046646,
                0.0487881563603878
            ],
            "id": "1.jpg_7_0_3.6.24_10:00:00",
            "obj": "7.ply",
            "t": [
                110.11230200529099,
                -30.44726513326168,
                352.99888253211975
            ]
        },
        {
            "R": [
                0.9904589056968689,
                -0.12258012592792511,
                -0.06297050416469574,
                -0.10717539489269257,
                -0.9724154472351074,
                0.2071758359670639,
                -0.08662912249565125,
                -0.1984502524137497,
                -0.9762750864028931
            ],
            "id": "1.jpg_1_1_3.6.24_10:00:00",
            "obj": "1.ply",
            "t": [
                74.01835632324219,
                -38.36296463012695,
                358.4224853515625
            ]
        },
        {
            "R": [
                0.8460516929626465,
                0.018509089946746826,
                0.5327793955802917,
                0.5314843058586121,
                0.04848325252532959,
                -0.8456793427467346,
                -0.04148358106613159,
                0.9986523985862732,
                0.031182050704956055
            ],
            "id": "1.jpg_1_2_3.6.24_10:00:00",
            "obj": "1.ply",
            "t": [
                153.0928192138672,
                -87.8187255859375,
                358.53070068359375
            ]
        },
        {
            "R": [
                -0.9528898000717163,
                -0.28309300541877747,
                0.10890202224254608,
                0.2754087746143341,
                -0.9579583406448364,
                -0.08041243255138397,
                0.1270877718925476,
                -0.04663160443305969,
                0.9907947182655334
            ],
            "id": "1.jpg_3_3_3.6.24_10:00:00",
            "obj": "3.ply",
            "t": [
                23.383142471313477,
                74.22464752197266,
                355.029296875
            ]
        },
        {
            "R": [
                0.9999691247940063,
                -0.0075065456330776215,
                0.0023265057243406773,
                0.0074978116899728775,
                0.9999648928642273,
                0.0037402319721877575,
                -0.002354500349611044,
                -0.0037226728163659573,
                0.9999902844429016
            ],
            "id": "1.jpg_3_4_3.6.24_10:00:00",
            "obj": "3.ply",
            "t": [
                47.617393493652344,
                -34.390296936035156,
                359.9258117675781
            ]
        },
        {
            "R": [
                0.1953110694885254,
                -0.25633788108825684,
                0.9466492533683777,
                0.10889043658971786,
                -0.9536029100418091,
                -0.2806868851184845,
                0.9746777415275574,
                0.157902330160141,
                -0.15833675861358643
            ],
            "id": "1.jpg_7_5_3.6.24_10:00:00",
            "obj": "7.ply",
            "t": [
                -20.533599853515625,
                26.270000457763672,
                355.73760986328125
            ]
        },
        {
            "R": [
                0.2842961549758911,
                0.9338403940200806,
                -0.21706639230251312,
                0.9576995372772217,
                -0.28714168071746826,
                0.019007235765457153,
                -0.044579073786735535,
                -0.2132880687713623,
                -0.9759716987609863
            ],
            "id": "1.jpg_1_6_3.6.24_10:00:00",
            "obj": "1.ply",
            "t": [
                40.223899841308594,
                4.163300037384033,
                355.1946105957031
            ]
        },
        {
            "R": [
                -0.1601545810699463,
                0.08030538260936737,
                -0.9838199019432068,
                -0.11892688274383545,
                -0.9909946918487549,
                -0.06153108924627304,
                -0.9799014925956726,
                0.10714814811944962,
                0.168262779712677
            ],
            "id": "1.jpg_7_7_3.6.24_10:00:00",
            "obj": "7.ply",
            "t": [
                73.77050018310547,
                80.46109771728516,
                346.9997863769531
            ]
        },
        {
            "R": [
                0.9979413747787476,
                -0.03192291408777237,
                0.055623386055231094,
                -0.052562564611434937,
                -0.9040502309799194,
                0.4241820275783539,
                0.036745209246873856,
                -0.4262324869632721,
                -0.9038670063018799
            ],
            "id": "1.jpg_1_8_3.6.24_10:00:00",
            "obj": "1.ply",
            "t": [
                -16.74519920349121,
                8.583399772644043,
                345.2074890136719
            ]
        },
        {
            "R": [
                0.31757742166519165,
                -0.8423424959182739,
                -0.43543511629104614,
                -0.005147963762283325,
                0.4576687812805176,
                -0.8891079425811768,
                0.9482184052467346,
                0.2846022844314575,
                0.14100885391235352
            ],
            "id": "1.jpg_7_9_3.6.24_10:00:00",
            "obj": "7.ply",
            "t": [
                -63.45659255981445,
                38.9776496887207,
                340.0226135253906
            ]
        },
        {
            "R": [
                -0.17416048049926758,
                0.7722793817520142,
                0.6109440326690674,
                -0.0269930362701416,
                -0.6239368915557861,
                0.7810084223747253,
                0.9843472242355347,
                0.1195296049118042,
                0.12951135635375977
            ],
            "id": "1.jpg_7_10_3.6.24_10:00:00",
            "obj": "7.ply",
            "t": [
                4.499300003051758,
                -25.05620002746582,
                355.28680419921875
            ]
        },
        {
            "R": [
                0.19761377573013306,
                -0.5576130151748657,
                -0.8062360286712646,
                0.9799075126647949,
                0.08969563245773315,
                0.178146094083786,
                -0.027020663022994995,
                -0.8252408504486084,
                0.5641342401504517
            ],
            "id": "1.jpg_0_11_3.6.24_10:00:00",
            "obj": "0.ply",
            "t": [
                56.06426239013672,
                -77.20226287841797,
                352.1518859863281
            ]
        },
        {
            "R": [
                0.40783727169036865,
                -0.9129669070243835,
                0.012655043043196201,
                0.9130399823188782,
                0.40786993503570557,
                -1.7452985048294067e-06,
                -0.005160017870366573,
                0.011555273085832596,
                0.9999199509620667
            ],
            "id": "1.jpg_2_12_3.6.24_10:00:00",
            "obj": "2.ply",
            "t": [
                -42.30569076538086,
                -64.32624053955078,
                358.33074951171875
            ]
        },
        {
            "R": [
                0.17879623174667358,
                -0.9810785055160522,
                -0.074274443089962,
                -0.9753714799880981,
                -0.1866530179977417,
                0.11752006411552429,
                -0.12915997207164764,
                0.05143304169178009,
                -0.9902888536453247
            ],
            "id": "1.jpg_2_13_3.6.24_10:00:00",
            "obj": "2.ply",
            "t": [
                72.47677612304688,
                -73.9974594116211,
                358.79791259765625
            ]
        }
    ],
    "10.jpg": [
        {
            "R": [
                -0.21988201141357422,
                -0.0942230373620987,
                0.9709654450416565,
                0.06071171164512634,
                -0.9947168827056885,
                -0.08277928829193115,
                0.9736354947090149,
                0.04074729233980179,
                0.22444087266921997
            ],
            "id": "10.jpg_7_0_3.6.24_10:00:00",
            "obj": "7.ply",
            "t": [
                -103.75111389160156,
                -19.032583236694336,
                352.2215881347656
            ]
        },
        {
            "R": [
                -0.19091570377349854,
                0.7560520172119141,
                0.62604820728302,
                0.005769968032836914,
                -0.6369037628173828,
                0.770921528339386,
                0.9815893173217773,
                0.15079337358474731,
                0.11723268032073975
            ],
            "id": "10.jpg_7_1_3.6.24_10:00:00",
            "obj": "7.ply",
            "t": [
                -64.88505554199219,
                -41.86038589477539,
                350.27789306640625
            ]
        },
        {
            "R": [
                0.4050408601760864,
                -0.8815086483955383,
                0.24266080558300018,
                -0.8991913199424744,
                -0.4321098327636719,
                -0.06881798803806305,
                0.16551978886127472,
                -0.19032441079616547,
                -0.9676671028137207
            ],
            "id": "10.jpg_1_2_3.6.24_10:00:00",
            "obj": "1.ply",
            "t": [
                -32.44820022583008,
                54.29159927368164,
                359.5085144042969
            ]
        },
        {
            "R": [
                0.07533091306686401,
                -0.9958910346031189,
                0.05026543140411377,
                -0.06873148679733276,
                -0.05547475814819336,
                -0.9960918426513672,
                0.9947872161865234,
                0.0715818703174591,
                -0.07262825965881348
            ],
            "id": "10.jpg_0_3_3.6.24_10:00:00",
            "obj": "0.ply",
            "t": [
                -69.66523742675781,
                27.458593368530273,
                355.6331481933594
            ]
        },
        {
            "R": [
                0.8159958720207214,
                0.5432314276695251,
                -0.1976117193698883,
                0.569263756275177,
                -0.8145713806152344,
                0.11141170561313629,
                -0.10044649243354797,
                -0.20340467989444733,
                -0.9739289283752441
            ],
            "id": "10.jpg_1_4_3.6.24_10:00:00",
            "obj": "1.ply",
            "t": [
                12.677939414978027,
                46.175899505615234,
                363.5321044921875
            ]
        },
        {
            "R": [
                0.06244170665740967,
                0.7880768775939941,
                -0.6124021410942078,
                -0.2838256359100342,
                -0.5742437839508057,
                -0.767911434173584,
                -0.9568409323692322,
                0.22176530957221985,
                0.18781918287277222
            ],
            "id": "10.jpg_7_5_3.6.24_10:00:00",
            "obj": "7.ply",
            "t": [
                49.79606628417969,
                26.992916107177734,
                350.7615051269531
            ]
        },
        {
            "R": [
                -0.03397345542907715,
                -0.058482587337493896,
                0.9977098703384399,
                0.9873420596122742,
                0.152782142162323,
                0.04257631301879883,
                -0.15492191910743713,
                0.986527681350708,
                0.052552103996276855
            ],
            "id": "10.jpg_2_6_3.6.24_10:00:00",
            "obj": "2.ply",
            "t": [
                -19.18939971923828,
                -40.58760070800781,
                369.87811279296875
            ]
        },
        {
            "R": [
                0.1070030927658081,
                -0.07155627012252808,
                -0.9916805624961853,
                -0.22478467226028442,
                0.9698410630226135,
                -0.094234898686409,
                0.9685155749320984,
                0.23299799859523773,
                0.08769124746322632
            ],
            "id": "10.jpg_7_7_3.6.24_10:00:00",
            "obj": "7.ply",
            "t": [
                93.4990005493164,
                -31.55621337890625,
                355.71600341796875
            ]
        },
        {
            "R": [
                -0.1970052719116211,
                -0.9576833844184875,
                0.2098361998796463,
                -0.9803959727287292,
                0.19166910648345947,
                -0.04567854851484299,
                0.0035264939069747925,
                -0.21472150087356567,
                -0.9766688346862793
            ],
            "id": "10.jpg_1_8_3.6.24_10:00:00",
            "obj": "1.ply",
            "t": [
                68.62141418457031,
                -39.626075744628906,
                363.2973937988281
            ]
        },
        {
            "R": [
                -0.06271171569824219,
                0.8450403213500977,
                -0.5310123562812805,
                -0.15302136540412903,
                -0.533909797668457,
                -0.8315796852111816,
                -0.9862310290336609,
                0.02910637855529785,
                0.1627916693687439
            ],
            "id": "10.jpg_7_9_3.6.24_10:00:00",
            "obj": "7.ply",
            "t": [
                81.44754791259766,
                32.647682189941406,
                353.3913879394531
            ]
        },
        {
            "R": [
                0.8651633858680725,
                -0.4972696602344513,
                -0.06492485105991364,
                -0.46789535880088806,
                -0.8470004796981812,
                0.2523176670074463,
                -0.18046128749847412,
                -0.18791796267032623,
                -0.9654639959335327
            ],
            "id": "10.jpg_1_10_3.6.24_10:00:00",
            "obj": "1.ply",
            "t": [
                141.1552734375,
                -25.626863479614258,
                362.4359436035156
            ]
        },
        {
            "R": [
                -0.904202938079834,
                -0.42575159668922424,
                -0.03394963592290878,
                -0.42396536469459534,
                0.9043376445770264,
                -0.04926291108131409,
                0.051675692200660706,
                -0.030150199308991432,
                -0.99820876121521
            ],
            "id": "10.jpg_3_11_3.6.24_10:00:00",
            "obj": "3.ply",
            "t": [
                43.10578155517578,
                -30.136995315551758,
                370.94415283203125
            ]
        },
        {
            "R": [
                0.3571595549583435,
                -0.933628499507904,
                -0.02783873677253723,
                0.9262166619300842,
                0.35785967111587524,
                -0.11857211589813232,
                0.12066465616226196,
                0.01656447723507881,
                0.9925551414489746
            ],
            "id": "10.jpg_2_12_3.6.24_10:00:00",
            "obj": "2.ply",
            "t": [
                10.718384742736816,
                -51.926631927490234,
                371.2909851074219
            ]
        },
        {
            "R": [
                -0.9842135906219482,
                -0.10044640302658081,
                0.14572012424468994,
                -0.15831363201141357,
                0.13156187534332275,
                -0.9785848259925842,
                0.07912410795688629,
                -0.9862058758735657,
                -0.14538705348968506
            ],
            "id": "10.jpg_3_13_3.6.24_10:00:00",
            "obj": "3.ply",
            "t": [
                35.27665328979492,
                -55.985443115234375,
                370.3900146484375
            ]
        }
    ],
    "2.jpg": [
        {
            "R": [
                0.07714086771011353,
                -0.9207208752632141,
                -0.38252100348472595,
                0.20051974058151245,
                0.3901519775390625,
                -0.8986507654190063,
                0.9766478538513184,
                -0.007380306720733643,
                0.21471935510635376
            ],
            "id": "2.jpg_7_0_3.6.24_10:00:00",
            "obj": "7.ply",
            "t": [
                103.53726959228516,
                -1.4337334632873535,
                339.3841857910156
            ]
        },
        {
            "R": [
                0.38396579027175903,
                0.2827951908111572,
                -0.8789750337600708,
                0.9228039979934692,
                -0.15018057823181152,
                0.35479363799095154,
                -0.031671106815338135,
                -0.947350263595581,
                -0.3186286687850952
            ],
            "id": "2.jpg_0_1_3.6.24_10:00:00",
            "obj": "0.ply",
            "t": [
                64.5634994506836,
                -48.58110046386719,
                356.1459045410156
            ]
        },
        {
            "R": [
                0.9592018723487854,
                -0.27757683396339417,
                -0.053691379725933075,
                -0.2606334686279297,
                -0.9417581558227539,
                0.2125129997730255,
                -0.10955296456813812,
                -0.1898491084575653,
                -0.9756820797920227
            ],
            "id": "2.jpg_1_2_3.6.24_10:00:00",
            "obj": "1.ply",
            "t": [
                80.7698667049408,
                -57.8368715941906,
                349.7178852558136
            ]
        },
        {
            "R": [
                0.24994373321533203,
                -0.9534280300140381,
                -0.16882970929145813,
                -0.9678131341934204,
                -0.2513014078140259,
                -0.013631187379360199,
                -0.029430747032165527,
                0.16680261492729187,
                -0.9855513572692871
            ],
            "id": "2.jpg_2_3_3.6.24_10:00:00",
            "obj": "2.ply",
            "t": [
                95.72486877441406,
                -51.829341888427734,
                358.61358642578125
            ]
        },
        {
            "R": [
                0.5001992583274841,
                0.8297989964485168,
                -0.2474559247493744,
                0.8589074015617371,
                -0.5117343664169312,
                0.020158417522907257,
                -0.1099042296409607,
                -0.22262492775917053,
                -0.9686896800994873
            ],
            "id": "2.jpg_1_4_3.6.24_10:00:00",
            "obj": "1.ply",
            "t": [
                21.152196884155273,
                37.889076232910156,
                358.4564514160156
            ]
        },
        {
            "R": [
                0.07553565502166748,
                0.43649983406066895,
                0.896527886390686,
                -0.043045029044151306,
                0.899685800075531,
                -0.4344106912612915,
                -0.9962135553359985,
                -0.00577758252620697,
                0.08674746751785278
            ],
            "id": "2.jpg_7_5_3.6.24_10:00:00",
            "obj": "7.ply",
            "t": [
                -93.0418930053711,
                -27.93218421936035,
                350.7952880859375
            ]
        },
        {
            "R": [
                -0.007390737533569336,
                0.49224853515625,
                -0.8704233169555664,
                0.02391357719898224,
                0.870285153388977,
                0.4919673502445221,
                0.9996867179870605,
                -0.01717892289161682,
                -0.0182034969329834
            ],
            "id": "2.jpg_7_6_3.6.24_10:00:00",
            "obj": "7.ply",
            "t": [
                -1.8890999555587769,
                -43.449798583984375,
                340.4224853515625
            ]
        },
        {
            "R": [
                -0.22107887268066406,
                0.2416868358850479,
                0.9448341727256775,
                0.23706094920635223,
                -0.9264316558837891,
                0.2924486994743347,
                0.9460054039955139,
                0.28863751888275146,
                0.1475200057029724
            ],
            "id": "2.jpg_7_7_3.6.24_10:00:00",
            "obj": "7.ply",
            "t": [
                -3.7960000038146973,
                15.571700096130371,
                339.8070983886719
            ]
        },
        {
            "R": [
                -0.08730137348175049,
                0.9693892598152161,
                -0.22948336601257324,
                0.9954677224159241,
                0.07617247104644775,
                -0.05693323165178299,
                -0.037710197269916534,
                -0.2334136962890625,
                -0.9716455936431885
            ],
            "id": "2.jpg_1_8_3.6.24_10:00:00",
            "obj": "1.ply",
            "t": [
                16.49552345275879,
                2.4491384029388428,
                355.8638000488281
            ]
        },
        {
            "R": [
                -0.8135455846786499,
                0.5728987455368042,
                0.09965308010578156,
                -0.5803695917129517,
                -0.8106367588043213,
                -0.07771262526512146,
                0.036260977387428284,
                -0.1210583746433258,
                0.9919828772544861
            ],
            "id": "2.jpg_1_9_3.6.24_10:00:00",
            "obj": "1.ply",
            "t": [
                -3.0391268730163574,
                26.908966064453125,
                355.64990234375
            ]
        },
        {
            "R": [
                0.09989053010940552,
                0.6727756261825562,
                -0.733072817325592,
                0.12535333633422852,
                0.7223778963088989,
                0.6800419092178345,
                0.9870710968971252,
                -0.15982314944267273,
                -0.012176036834716797
            ],
            "id": "2.jpg_7_10_3.6.24_10:00:00",
            "obj": "7.ply",
            "t": [
                -55.745361328125,
                39.69512939453125,
                357.5795593261719
            ]
        },
        {
            "R": [
                0.37428802251815796,
                -0.9264478087425232,
                -0.040037862956523895,
                0.9088682532310486,
                0.37506985664367676,
                -0.18243137001991272,
                0.18403011560440063,
                0.031892724335193634,
                0.982403039932251
            ],
            "id": "2.jpg_2_11_3.6.24_10:00:00",
            "obj": "2.ply",
            "t": [
                -40.79472732543945,
                -62.480491638183594,
                359.59320068359375
            ]
        },
        {
            "R": [
                -0.955498456954956,
                -0.2939922511577606,
                0.02430865913629532,
                0.29075321555137634,
                -0.9524794816970825,
                -0.09080290794372559,
                0.049848854541778564,
                -0.0796942412853241,
                0.9955721497535706
            ],
            "id": "2.jpg_3_12_3.6.24_10:00:00",
            "obj": "3.ply",
            "t": [
                31.7091064453125,
                63.0474853515625,
                355.835205078125
            ]
        },
        {
            "R": [
                0.2595038414001465,
                0.17843669652938843,
                -0.9491144418716431,
                -0.9635941386222839,
                0.11335283517837524,
                -0.24215218424797058,
                0.06437608599662781,
                0.9774004220962524,
                0.2013559341430664
            ],
            "id": "2.jpg_3_13_3.6.24_10:00:00",
            "obj": "3.ply",
            "t": [
                55.75699996948242,
                52.17259979248047,
                359.3035888671875
            ]
        }
    ],
    "3.jpg": [
        {
            "R": [
                -0.09189915657043457,
                -0.5327597856521606,
                0.8412619233131409,
                -0.0016435682773590088,
                0.8449169993400574,
                0.5348949432373047,
                -0.9957669377326965,
                0.047773733735084534,
                -0.07852280139923096
            ],
            "id": "3.jpg_7_0_3.6.24_10:00:00",
            "obj": "7.ply",
            "t": [
                -52.49854278564453,
                -90.81624603271484,
                358.6983947753906
            ]
        },
        {
            "R": [
                -0.8303735256195068,
                -0.5209416151046753,
                0.19773328304290771,
                0.4938526153564453,
                -0.8524042367935181,
                -0.17180070281028748,
                0.258046954870224,
                -0.04500773549079895,
                0.9650834202766418
            ],
            "id": "3.jpg_3_1_3.6.24_10:00:00",
            "obj": "3.ply",
            "t": [
                86.76878356933594,
                -90.23077392578125,
                359.9535217285156
            ]
        },
        {
            "R": [
                0.04538583755493164,
                0.6650665998458862,
                -0.7454038858413696,
                -0.15314438939094543,
                0.741984486579895,
                0.6526912450790405,
                0.9871612787246704,
                0.08453133702278137,
                0.13552677631378174
            ],
            "id": "3.jpg_7_2_3.6.24_10:00:00",
            "obj": "7.ply",
            "t": [
                -22.12299919128418,
                -31.242900848388672,
                355.5992126464844
            ]
        },
        {
            "R": [
                0.9930887818336487,
                -0.0427078902721405,
                0.10931915789842606,
                -0.06284033507108688,
                -0.9801687002182007,
                0.18793676793575287,
                0.09912484139204025,
                -0.19350753724575043,
                -0.9760782718658447
            ],
            "id": "3.jpg_1_3_3.6.24_10:00:00",
            "obj": "1.ply",
            "t": [
                -31.614900588989258,
                -16.271299362182617,
                357.3310852050781
            ]
        },
        {
            "R": [
                -0.8918980360031128,
                -0.4468572735786438,
                0.06954152882099152,
                -0.45125293731689453,
                0.8692403435707092,
                -0.20197027921676636,
                0.029803596436977386,
                -0.21151775121688843,
                -0.976919412612915
            ],
            "id": "3.jpg_1_4_3.6.24_10:00:00",
            "obj": "1.ply",
            "t": [
                -14.046099662780762,
                3.5857999324798584,
                358.70989990234375
            ]
        },
        {
            "R": [
                0.08520668745040894,
                -0.9754171371459961,
                0.20322786271572113,
                -0.9830837249755859,
                -0.1154944896697998,
                -0.1421542465686798,
                0.16213132441043854,
                -0.18767744302749634,
                -0.9687575101852417
            ],
            "id": "3.jpg_1_5_3.6.24_10:00:00",
            "obj": "1.ply",
            "t": [
                -0.21419110894203186,
                35.938697814941406,
                358.01251220703125
            ]
        },
        {
            "R": [
                -0.011425375938415527,
                -0.9998542070388794,
                0.012668515555560589,
                0.9998074769973755,
                -0.011221051216125488,
                0.01608104817569256,
                -0.015936551615595818,
                0.01284981518983841,
                0.9997904300689697
            ],
            "id": "3.jpg_0_6_3.6.24_10:00:00",
            "obj": "0.ply",
            "t": [
                -60.241573333740234,
                22.00666046142578,
                355.48858642578125
            ]
        },
        {
            "R": [
                0.23673397302627563,
                -0.9618879556655884,
                -0.13685141503810883,
                -0.9715489149093628,
                -0.2333468198776245,
                -0.04051719605922699,
                0.0070391446352005005,
                0.14254964888095856,
                -0.9897623062133789
            ],
            "id": "3.jpg_2_7_3.6.24_10:00:00",
            "obj": "2.ply",
            "t": [
                48.14185333251953,
                78.18460083007812,
                360.0851135253906
            ]
        },
        {
            "R": [
                0.19482192397117615,
                -0.9805905818939209,
                -0.022059231996536255,
                -0.9807489514350891,
                -0.19445061683654785,
                -0.01790393888950348,
                0.013267004862427711,
                0.02512265555560589,
                -0.999596357345581
            ],
            "id": "3.jpg_2_8_3.6.24_10:00:00",
            "obj": "2.ply",
            "t": [
                68.0767223238945,
                33.79150852560997,
                354.9453914165497
            ]
        },
        {
            "R": [
                0.37619495391845703,
                -0.9262785911560059,
                0.02202759124338627,
                0.9263132810592651,
